10000
9950
9900
9850
9800
9750
9700
9650
9600
9550
9500
9450
9400
9350
9300
9250
9200
9150
9100
9050
9000
8950
8900
8850
8800
8750
8700
8650
8600
8550
8500
8450
8400
8350
8300
8250
8200
8150
8100
8050
8000
7950
7900
7850
7800
7750
7700
7650
7600
7550
7500
7450
7400
7350
7300
7250
7200
7150
7100
7050
7000
6950
6900
6850
6800
6750
6700
6650
6600
6550
6500
6450
6400
6350
6300
6250
6200
6150
6100
6050
6000
5950
5900
5850
5800
5750
5700
5650
5600
5550
5500
5450
5400
5350
5300
5250
5200
5150
5100
5050
5000
4950
4900
4850
4800
4750
4700
4650
4600
4550
4500
4450
4400
4350
4300
4250
4200
4150
4100
4050
4000
3950
3900
3850
3800
3750
3700
3650
3600
3550
3500
3450
3400
3350
3300
3250
3200
3150
3100
3050
3000
2950
2900
2850
2800
2750
2700
2650
2600
2550
2500
2450
2400
2350
2300
2250
2200
2150
2100
2050
2000
1950
1900
1850
1800
1750
1700
1650
1600
1550
1500
1450
1400
1350
1300
1250
1200
1150
1100
1050
1000
950
900
850
800
750
700
650
600
550
500
450
400
350
300
250
200
150
100
50
