3200
3183
3166
3149
3132
3115
3098
3081
3064
3047
3030
3013
2996
2979
2962
2945
2928
2911
2894
2877
2860
2843
2826
2809
2792
2775
2758
2741
2724
2707
2690
2673
2656
2639
2622
2605
2588
2571
2554
2537
2520
2503
2486
2469
2452
2435
2418
2401
2384
2367
2350
2333
2316
2299
2282
2265
2248
2231
2214
2197
2180
2163
2146
2129
2112
2095
2078
2061
2044
2027
2010
1993
1976
1959
1942
1925
1908
1891
1874
1857
1840
1823
1806
1789
1772
1755
1738
1721
1704
1687
1670
1653
1636
1619
1602
1585
1568
1551
1534
1517
1500
1483
1466
1449
1432
1415
1398
1381
1364
1347
1330
1313
1296
1279
1262
1245
1228
1211
1194
1177
1160
1143
1126
1109
1092
1075
1058
1041
1024
1007
990
973
956
939
922
905
888
871
854
837
820
803
786
769
752
735
718
701
684
667
650
633
616
599
582
565
548
531
514
497
480
463
446
429
412
395
378
361
344
327
310
293
276
259
242
225
208
191
174
157
140
123
106
89
72
55
38
21
4
