4000
3977
3954
3931
3908
3885
3862
3839
3816
3793
3770
3747
3724
3701
3678
3655
3632
3609
3586
3563
3540
3517
3494
3471
3448
3425
3402
3379
3356
3333
3310
3287
3264
3241
3218
3195
3172
3149
3126
3103
3080
3057
3034
3011
2988
2965
2942
2919
2896
2873
2850
2827
2804
2781
2758
2735
2712
2689
2666
2643
2620
2597
2574
2551
2528
2505
2482
2459
2436
2413
2390
2367
2344
2321
2298
2275
2252
2229
2206
2183
2160
2137
2114
2091
2068
2045
2022
1999
1976
1953
1930
1907
1884
1861
1838
1815
1792
1769
1746
1723
1700
1677
1654
1631
1608
1585
1562
1539
1516
1493
1470
1447
1424
1401
1378
1355
1332
1309
1286
1263
1240
1217
1194
1171
1148
1125
1102
1079
1056
1033
1010
987
964
941
918
895
872
849
826
803
780
757
734
711
688
665
642
619
596
573
550
527
504
481
458
435
412
389
366
343
320
297
274
251
228
205
182
159
136
113
90
67
44
21
